320
384
336
384
336
352
336
400
384
304
320
336
336
352
384
320
368
336
320
304
336
352
352
320
336
352
336
320
384
336
304
352
336
352
304
336
352
384
336
384
368
368
384
320
256
352
416
320
400
352
400
304
400
256
384
336
400
352
432
416
400
336
336
400
400
416
352
304
384
336
400
336
400
384
320
384
400
384
352
368
400
336
384
448
384
352
416
400
320
272
352
400
384
384
368
384
368
336
336
384
384
352
352
384
336
352
288
384
352
432
416
384
352
384
416
384
400
384
368
352
352
352
352
336
384
416
368
352
352
416
400
352
352
400
384
384
416
400
400
352
496
384
400
352
352
352
352
352
368
416
352
416
336
352
400
352
432
352
416
400
416
352
2160
5617
8402
11554
14435
17300
19924
22437
24485
26726
28823
30663
32567
34392
35624
37161
38297
39385
39961
40889
41258
41578
42026
42474
42378
42602
42330
42106
42346
41818
41754
41178
41034
40729
40393
40105
39433
38937
38697
38137
37657
36905
36552
36296
35288
35096
34536
34072
33560
32824
32391
31911
31511
31143
30855
30167
30135
29623
29367
29319
29143
28775
28999
28566
28807
28727
28598
28967
28711
28711
28743
28855
28903
29127
29095
29271
29351
29159
29015
29511
29191
29335
29175
29207
29143
29191
29159
29207
28679
28614
28903
28534
28759
28310
28262
28198
28214
28246
28454
28214
28679
28711
28855
28999
29191
29367
29927
30327
30503
30775
31127
31479
31607
32311
32439
32952
33400
33256
33880
34200
34248
34488
34456
34648
34616
34776
34984
34888
35144
35080
34696
34664
34312
34216
33688
33736
33544
33384
33096
33096
33272
33064
33288
33512
33736
34440
35160
36024
36873
37897
38697
39673
40921
42154
43098
44298
45531
46603
47947
48875
49980
50892
51932
52508
53196
53917
54781
55261
55597
55917
56189
56717
56797
57117
56941
56813
56509
56541
56125
55869
55469
54765
54365
53837
53004
52300
51804
50748
50012
49708
48587
47723
46987
46139
45291
44586
43578
42442
41914
41194
40393
39449
38665
37801
37449
36424
35928
35336
34664
34440
33816
33512
33272
33000
32952
32535
32455
32808
32679
32471
32792
33240
33272
33672
33672
34008
34360
34440
34648
34648
35080
35176
35304
35272
35112
35384
35272
35432
35304
35128
35112
34904
35128
34888
35016
34984
34616
34536
34680
34008
33800
33800
33672
33368
33160
33048
32808
32391
32071
31767
31383
31367
31015
30967
30503
30343
29815
29399
29191
28679
28262
27846
27190
26758
26518
26006
25750
25542
25414
25286
25142
25014
25254
25190
25526
25430
25606
25942
26310
26422
26566
26790
26966
27350
27462
27686
27878
27798
27974
28166
28102
28326
28566
28727
28598
28679
28727
28951
29415
29959
30119
30823
31575
32167
32920
33816
35128
36248
37513
38809
40521
41802
43274
45018
46667
48123
49740
51020
52828
54237
55341
56749
57566
58382
59278
59934
60622
60766
61134
61246
61294
61086
60782
60174
59966
59470
58942
58382
57582
56669
56157
55181
54701
53677
52764
51868
50876
50028
49067
48331
47083
45739
44986
43546
42922
41562
40329
39417
38073
36648
35384
33960
32904
31399
30039
28566
27670
26198
25270
24341
23621
22725
21765
21093
20693
20196
20292
19860
19540
19700
19364
19620
19540
19748
19876
20148
20356
20452
20741
21013
21221
21509
21733
22037
22181
22693
22869
23493
23845
24101
24453
24646
24998
25430
25526
25766
25574
25942
25878
26022
25990
25814
25526
25222
24902
24517
24277
23701
23349
22885
21893
21381
20661
19892
19476
18708
17828
17060
16227
15379
14659
14003
13475
12675
11570
11074
10306
9698
9106
8418
8177
8097
7857
7889
7921
7841
7825
8177
8658
8930
9650
10050
10386
11490
12226
12851
13955
14915
15955
16820
17988
18996
20196
21221
22101
23397
24165
25302
26246
27478
28006
29255
29911
30951
31687
32792
33448
34280
35096
36136
37033
38217
39433
40537
41834
42890
44778
46107
47675
49756
51692
53741
55693
57774
59422
61278
62559
62671
62671
62607
62863
62543
62319
62095
62767
62623
62111
62895
62831
62767
62319
62639
62639
62703
62687
62671
62447
62703
62191
62671
62687
62655
61150
59358
57934
56589
54797
52588
50860
48715
46987
44906
42538
40681
38761
36552
34632
32599
30887
29095
27590
25814
24453
23077
21733
20725
19620
18772
18244
17364
17028
16612
16339
16051
15699
15651
15859
15715
15923
16227
16468
17060
17332
17828
18164
18772
19332
19876
20436
21109
22037
22245
23413
24165
24533
25110
25734
26550
26838
27366
27398
27718
27910
27958
27958
27782
27718
27798
27590
27350
27174
26646
26582
26310
25782
25494
25238
25062
24565
24485
23781
23509
23317
22997
22565
22325
22069
22021
21653
21397
21205
21317
21077
20965
20789
20452
20581
20805
20773
20725
20917
20661
20645
20789
20789
20885
20965
21205
21205
21125
21573
21365
21509
21957
21813
22149
22293
22453
22933
22917
23237
23669
23765
23813
23989
24277
24565
24565
24790
25030
25350
25750
26246
26502
27270
27990
28855
29415
30647
31783
33096
34984
36408
37945
39465
41146
43018
44394
46411
48075
49852
51740
52956
54445
55629
57069
57806
58542
59038
59566
59838
60206
59950
59886
59582
59038
58382
57678
57053
56029
54877
53965
52492
51564
50316
48507
47387
46043
44586
43258
41914
40825
38937
37897
36264
34776
33752
32407
31367
29751
28855
27542
26598
25446
24742
23861
23045
22485
21765
21125
20228
19988
19508
19268
18788
18452
18452
18516
18644
18644
18724
18628
18964
18932
19268
19700
19988
20485
20821
21349
21845
22165
22933
23381
23829
24373
24854
25494
25958
26918
27238
27782
28310
28470
28919
29239
29335
29463
29735
29719
29655
29575
29399
29351
28839
28614
28374
27942
27350
27318
27062
26598
26182
25846
25446
25254
25014
24565
24565
24133
24277
23749
23717
23509
23557
23349
23013
22981
23045
22709
23061
22821
22693
22565
22501
22421
22549
22437
22325
22485
22597
22549
22661
22933
23061
23333
23509
23749
24325
24085
24245
24565
24549
24565
24870
25046
25158
25254
25174
25430
25414
25350
25510
25670
25798
26006
26694
