191
-193
-195
-197
-199
-201
-203
-205
-207
-209
386
-388
-390
-392
-394
-396
-398
-400
-402
-404
566
-568
-570
-572
-574
-576
-578
-580
-582
730
-732
-734
-736
-738
-740
-742
-744
-746
-748
894
-896
-898
-900
-902
-904
-906
-908
-910
-912
-914
1061
-1063
-1065
-1067
-1069
-1071
-1073
-1075
-1077
-1079
-1081
1237
-1239
-1241
-1243
-1245
-1247
-1249
-1251
-1253
-1255
-1257
1421
-1423
-1425
-1427
-1429
-1431
-1433
-1435
-1437
-1439
-1441
1611
-1613
-1615
-1617
-1619
-1621
-1623
-1625
-1627
-1629
-1631
1783
-1785
-1787
-1789
-1791
-1793
-1795
-1797
1938
-1940
-1942
-1944
-1946
-1948
-1950
-1952
-1954
-1956
-1958
2115
